AP
Easy: 0.8652844502970594
Medium: 0.8507162364535977
Hard: 0.7057099180462484
